<?xml version="1.0"?>
<opencv_storage>
<calibration_time>"Fri Jul 13 12:21:11 2018"</calibration_time>
<image_width>2592</image_width>
<image_height>2048</image_height>
<aspectRatio>1.</aspectRatio>
<flags>16535</flags>
<camera_matrix type_id="opencv-matrix">
  <rows>3</rows>
  <cols>3</cols>
  <dt>d</dt>
  <data>
    1672. 0. 1296. 0. 1672. 1024. 0. 0. 1.</data></camera_matrix>
<distortion_coefficients type_id="opencv-matrix">
  <rows>1</rows>
  <cols>14</cols>
  <dt>d</dt>
  <data>
    -4.4927625355978140e-01 6.6463797088537377e-02
    -8.3235103022490913e-03 -1.7941316240693993e-03 0.
    -2.4760090124001091e-01 -1.1268818344308143e-01
    4.9039293482820441e-02 0. 0. 0. 0. 0. 0.</data></distortion_coefficients>
<avg_reprojection_error>3.1647884262546189e+00</avg_reprojection_error>
</opencv_storage>
