<?xml version="1.0"?>
<opencv_storage>
<calibration_time>"Thu May 24 10:38:56 2018"</calibration_time>
<image_width>2592</image_width>
<image_height>2048</image_height>
<aspectRatio>1.</aspectRatio>
<flags>16391</flags>
<camera_matrix type_id="opencv-matrix">
  <rows>3</rows>
  <cols>3</cols>
  <dt>d</dt>
  <data>
    1.7392738632022049e+03 0. 1296. 0. 1.7392738632022049e+03 1024. 0.
    0. 1.</data></camera_matrix>
<distortion_coefficients type_id="opencv-matrix">
  <rows>1</rows>
  <cols>14</cols>
  <dt>d</dt>
  <data>
    5.2567789886947924e-01 -4.2880185003717924e-01
    3.8358955470941284e-03 -1.3318306864576299e-03
    -1.2191771801428875e+00 7.1823918091809502e-01
    -2.4929732778345515e-01 -1.6101599553298316e+00 0. 0. 0. 0. 0. 0.</data></distortion_coefficients>
<avg_reprojection_error>6.4806890842458020e-01</avg_reprojection_error>
</opencv_storage>
