<?xml version="1.0"?>
<opencv_storage>
<calibration_time>"Thu May 24 12:21:29 2018"</calibration_time>
<image_width>2592</image_width>
<image_height>2048</image_height>
<aspectRatio>1.</aspectRatio>
<flags>16391</flags>
<camera_matrix type_id="opencv-matrix">
  <rows>3</rows>
  <cols>3</cols>
  <dt>d</dt>
  <data>
    1.7619530258872549e+03 0. 1296. 0. 1.7619530258872549e+03 1024. 0.
    0. 1.</data></camera_matrix>
<distortion_coefficients type_id="opencv-matrix">
  <rows>1</rows>
  <cols>14</cols>
  <dt>d</dt>
  <data>
    -1.1981191383560776e+00 1.2897546717779715e-01
    2.5173711567090429e-03 -7.0069963930366669e-04
    3.1873888126290134e-02 -9.4355734162503202e-01
    -2.3261564646276081e-01 1.3163025111788401e-01 0. 0. 0. 0. 0. 0.</data></distortion_coefficients>
<avg_reprojection_error>6.1893194428536935e-01</avg_reprojection_error>
</opencv_storage>
