<?xml version="1.0"?>
<opencv_storage>
<calibration_time>"Thu May 17 14:53:25 2018"</calibration_time>
<image_width>2592</image_width>
<image_height>2048</image_height>
<aspectRatio>1.</aspectRatio>
<flags>16391</flags>
<camera_matrix type_id="opencv-matrix">
  <rows>3</rows>
  <cols>3</cols>
  <dt>d</dt>
  <data>
    1.7381725405412603e+03 0. 1296. 0. 1.7381725405412603e+03 1024. 0.
    0. 1.</data></camera_matrix>
<distortion_coefficients type_id="opencv-matrix">
  <rows>1</rows>
  <cols>14</cols>
  <dt>d</dt>
  <data>
    -1.8472512463570526e-01 -2.7151217949407569e-01
    3.1326163867848684e-03 1.0528882028936074e-03
    -3.8475338950806143e-01 3.7977460353549583e-02
    -3.7821154309329164e-01 -4.7775359283330199e-01 0. 0. 0. 0. 0. 0.</data></distortion_coefficients>
<avg_reprojection_error>7.1613002049926078e-01</avg_reprojection_error>
</opencv_storage>
