<?xml version="1.0"?>
<opencv_storage>
<calibration_time>"Thu Jul 12 10:46:46 2018"</calibration_time>
<image_width>2592</image_width>
<image_height>2048</image_height>
<aspectRatio>1.</aspectRatio>
<flags>7</flags>
<camera_matrix type_id="opencv-matrix">
  <rows>3</rows>
  <cols>3</cols>
  <dt>d</dt>
  <data>
    1.6288991580290356e+03 0. 1296. 0. 1.6288991580290356e+03 1024. 0.
    0. 1.</data></camera_matrix>
<distortion_coefficients type_id="opencv-matrix">
  <rows>1</rows>
  <cols>5</cols>
  <dt>d</dt>
  <data>
    -1.9334502579196142e-01 1.0933544737533861e-01
    -2.6453270246471145e-03 2.0873863234699905e-03
    -2.0577182594281099e-02</data></distortion_coefficients>
<avg_reprojection_error>7.5742472043039721e-01</avg_reprojection_error>
</opencv_storage>
