<?xml version="1.0"?>
<opencv_storage>
<calibration_time>"Thu Jul  5 14:43:41 2018"</calibration_time>
<image_width>2592</image_width>
<image_height>2048</image_height>
<aspectRatio>1.</aspectRatio>
<flags>16527</flags>
<camera_matrix type_id="opencv-matrix">
  <rows>3</rows>
  <cols>3</cols>
  <dt>d</dt>
  <data>
    1.7720427796060155e+03 0. 1296. 0. 1.7720427796060155e+03 1024. 0.
    0. 1.</data></camera_matrix>
<distortion_coefficients type_id="opencv-matrix">
  <rows>1</rows>
  <cols>14</cols>
  <dt>d</dt>
  <data>
    -2.7812963916716960e-01 -3.0777950745899202e-01 0. 0. 0.
    -2.2943837660524019e-02 -4.9641175956834338e-01
    1.6152184818316647e-03 0. 0. 0. 0. 0. 0.</data></distortion_coefficients>
<avg_reprojection_error>6.1595421608738221e-01</avg_reprojection_error>
</opencv_storage>
