<?xml version="1.0"?>
<opencv_storage>
<calibration_time>"Thu Jul 12 10:50:04 2018"</calibration_time>
<image_width>2592</image_width>
<image_height>2048</image_height>
<aspectRatio>1.</aspectRatio>
<flags>16391</flags>
<camera_matrix type_id="opencv-matrix">
  <rows>3</rows>
  <cols>3</cols>
  <dt>d</dt>
  <data>
    1.6228987109633479e+03 0. 1296. 0. 1.6228987109633479e+03 1024. 0.
    0. 1.</data></camera_matrix>
<distortion_coefficients type_id="opencv-matrix">
  <rows>1</rows>
  <cols>14</cols>
  <dt>d</dt>
  <data>
    -4.0385157794593762e-01 -6.3860284454745253e-01
    -2.0610249458585597e-03 1.5500844546967347e-03
    2.9768695791637756e-01 -1.6930668189909379e-01
    -9.3248673065986531e-01 3.8784812567227628e-01 0. 0. 0. 0. 0. 0.</data></distortion_coefficients>
<avg_reprojection_error>7.0541180918975954e-01</avg_reprojection_error>
</opencv_storage>
