<?xml version="1.0"?>
<opencv_storage>
<calibration_time>"Thu May 24 11:06:21 2018"</calibration_time>
<image_width>2592</image_width>
<image_height>2048</image_height>
<aspectRatio>1.</aspectRatio>
<flags>16391</flags>
<camera_matrix type_id="opencv-matrix">
  <rows>3</rows>
  <cols>3</cols>
  <dt>d</dt>
  <data>
    1.7147466108277963e+03 0. 1296. 0. 1.7147466108277963e+03 1024. 0.
    0. 1.</data></camera_matrix>
<distortion_coefficients type_id="opencv-matrix">
  <rows>1</rows>
  <cols>14</cols>
  <dt>d</dt>
  <data>
    5.2666667809503993e+00 -9.7039165014148949e+00
    5.6000408524133148e-04 -9.6304594647475073e-04
    -3.9002684854525418e+00 5.4338611989036343e+00
    -8.1769452167422507e+00 -7.0130527251223000e+00 0. 0. 0. 0. 0. 0.</data></distortion_coefficients>
<avg_reprojection_error>4.8393476801225127e-01</avg_reprojection_error>
</opencv_storage>
