<?xml version="1.0"?>
<opencv_storage>
<calibration_time>"Fri Feb 17 14:14:49 2017"</calibration_time>
<image_width>1920</image_width>
<image_height>1080</image_height>
<flags>311301</flags>
<camera_matrix type_id="opencv-matrix">
  <rows>3</rows>
  <cols>3</cols>
  <dt>d</dt>
  <data>
    1.5529702237041156e+03 0. 960. 0. 1.5552820548778591e+03 540. 0. 0.
    1.</data></camera_matrix>
<distortion_coefficients type_id="opencv-matrix">
  <rows>1</rows>
  <cols>14</cols>
  <dt>d</dt>
  <data>
    -1.6218214052494108e-02 1.0121326154689770e-02
    -3.2982829344728242e-03 5.7335685795613716e-03
    3.7983187961487430e-01 -1.8925407698455514e-02
    7.1636634769082067e-02 3.2291077149604563e-01
    -8.7540756934266026e-03 4.6093164208643976e-03
    6.3506467748994325e-03 -7.1517444832866423e-03
    1.8710006574698068e-01 -5.7091842606280120e-02</data></distortion_coefficients>
<avg_reprojection_error>3.0200879729437952e-01</avg_reprojection_error>
</opencv_storage>
