<?xml version="1.0"?>
<opencv_storage>
<calibration_time>"Thu May 17 13:32:47 2018"</calibration_time>
<image_width>2592</image_width>
<image_height>2048</image_height>
<aspectRatio>1.</aspectRatio>
<flags>16391</flags>
<camera_matrix type_id="opencv-matrix">
  <rows>3</rows>
  <cols>3</cols>
  <dt>d</dt>
  <data>
    1.7466211151842342e+03 0. 1296. 0. 1.7466211151842342e+03 1024. 0.
    0. 1.</data></camera_matrix>
<distortion_coefficients type_id="opencv-matrix">
  <rows>1</rows>
  <cols>14</cols>
  <dt>d</dt>
  <data>
    -5.5665883557275708e-01 3.8144205015394222e-01
    2.1010103909268208e-03 -1.6642340624466439e-04
    -6.4073059490226858e-01 -3.7708260714248609e-01
    3.0764908442287808e-01 -7.2355839933344568e-01 0. 0. 0. 0. 0. 0.</data></distortion_coefficients>
<avg_reprojection_error>5.6393132162598536e-01</avg_reprojection_error>
</opencv_storage>
