<?xml version="1.0"?>
<opencv_storage>
<calibration_time>"Thu Jul  5 14:56:42 2018"</calibration_time>
<image_width>2592</image_width>
<image_height>2048</image_height>
<aspectRatio>1.</aspectRatio>
<flags>16391</flags>
<camera_matrix type_id="opencv-matrix">
  <rows>3</rows>
  <cols>3</cols>
  <dt>d</dt>
  <data>
    1.8052587290184222e+03 0. 1296. 0. 1.8052587290184222e+03 1024. 0.
    0. 1.</data></camera_matrix>
<distortion_coefficients type_id="opencv-matrix">
  <rows>1</rows>
  <cols>14</cols>
  <dt>d</dt>
  <data>
    -1.7623064464430538e-01 -2.4473414330996275e+00
    -1.0315567709747351e-03 -1.0609321140264308e-03
    1.7815944717970673e+00 2.2256786569954216e-02
    -2.8164551937782947e+00 1.9605369494745137e+00 0. 0. 0. 0. 0. 0.</data></distortion_coefficients>
<avg_reprojection_error>7.9503173446905007e-01</avg_reprojection_error>
</opencv_storage>
