<?xml version="1.0"?>
<opencv_storage>
<calibration_time>"Thu Jul 12 16:06:31 2018"</calibration_time>
<image_width>2592</image_width>
<image_height>2048</image_height>
<aspectRatio>1.</aspectRatio>
<flags>7</flags>
<camera_matrix type_id="opencv-matrix">
  <rows>3</rows>
  <cols>3</cols>
  <dt>d</dt>
  <data>
    1.5962309687617324e+03 0. 1296. 0. 1.5962309687617324e+03 1024. 0.
    0. 1.</data></camera_matrix>
<distortion_coefficients type_id="opencv-matrix">
  <rows>1</rows>
  <cols>5</cols>
  <dt>d</dt>
  <data>
    -2.0602259694836253e-01 1.1158864025319737e-01
    -7.2494720659062846e-03 -1.9798896863180196e-03
    -2.3875859636584222e-02</data></distortion_coefficients>
<avg_reprojection_error>3.1600892616240301e+00</avg_reprojection_error>
</opencv_storage>
