<?xml version="1.0"?>
<opencv_storage>
<calibration_time>"Thu Jul 12 16:09:12 2018"</calibration_time>
<image_width>2592</image_width>
<image_height>2048</image_height>
<aspectRatio>1.</aspectRatio>
<flags>2113671</flags>
<camera_matrix type_id="opencv-matrix">
  <rows>3</rows>
  <cols>3</cols>
  <dt>d</dt>
  <data>
    1.6101444816271801e+03 0. 1296. 0. 1.6101444816271801e+03 1024. 0.
    0. 1.</data></camera_matrix>
<distortion_coefficients type_id="opencv-matrix">
  <rows>1</rows>
  <cols>14</cols>
  <dt>d</dt>
  <data>
    -8.3626079879116866e-01 -4.9539140186676912e-02 0. 0. 0.
    -6.4937216922582697e-01 -2.8047136886811597e-01
    5.7306631360101702e-02 0. 0. 0. 0. 0. 0.</data></distortion_coefficients>
<avg_reprojection_error>3.1651925280534150e+00</avg_reprojection_error>
</opencv_storage>
