<?xml version="1.0"?>
<opencv_storage>
<calibration_time>"Fri Jul 13 12:13:24 2018"</calibration_time>
<image_width>2592</image_width>
<image_height>2048</image_height>
<aspectRatio>1.</aspectRatio>
<flags>2113687</flags>
<camera_matrix type_id="opencv-matrix">
  <rows>3</rows>
  <cols>3</cols>
  <dt>d</dt>
  <data>
    1672. 0. 1296. 0. 1672. 1024. 0. 0. 1.</data></camera_matrix>
<distortion_coefficients type_id="opencv-matrix">
  <rows>1</rows>
  <cols>14</cols>
  <dt>d</dt>
  <data>
    -2.5861086683881518e-01 4.6091594051001045e-01 0. 0. 0.
    -5.3599134845784657e-02 3.4125769729947775e-01
    5.1559760302752604e-02 0. 0. 0. 0. 0. 0.</data></distortion_coefficients>
<avg_reprojection_error>3.1759492836265650e+00</avg_reprojection_error>
</opencv_storage>
