<?xml version="1.0"?>
<opencv_storage>
<calibration_time>"Thu Jul 12 16:12:47 2018"</calibration_time>
<image_width>2592</image_width>
<image_height>2048</image_height>
<aspectRatio>1.</aspectRatio>
<flags>16519</flags>
<camera_matrix type_id="opencv-matrix">
  <rows>3</rows>
  <cols>3</cols>
  <dt>d</dt>
  <data>
    1.6238761864983462e+03 0. 1296. 0. 1.6238761864983462e+03 1024. 0.
    0. 1.</data></camera_matrix>
<distortion_coefficients type_id="opencv-matrix">
  <rows>1</rows>
  <cols>14</cols>
  <dt>d</dt>
  <data>
    -8.6868739690736840e-01 -5.1331895519851128e-03
    -8.0695087855721277e-03 6.1714320914478787e-04 0.
    -6.9433033456457438e-01 -2.1692093411014929e-01
    5.1854317493978112e-02 0. 0. 0. 0. 0. 0.</data></distortion_coefficients>
<avg_reprojection_error>3.1563169072898680e+00</avg_reprojection_error>
</opencv_storage>
