<?xml version="1.0"?>
<opencv_storage>
<calibration_time>"Thu Jul 12 16:13:59 2018"</calibration_time>
<image_width>2592</image_width>
<image_height>2048</image_height>
<aspectRatio>1.</aspectRatio>
<flags>16391</flags>
<camera_matrix type_id="opencv-matrix">
  <rows>3</rows>
  <cols>3</cols>
  <dt>d</dt>
  <data>
    1.5867155138741418e+03 0. 1296. 0. 1.5867155138741418e+03 1024. 0.
    0. 1.</data></camera_matrix>
<distortion_coefficients type_id="opencv-matrix">
  <rows>1</rows>
  <cols>14</cols>
  <dt>d</dt>
  <data>
    1.2057933389401609e+00 1.2579999976039313e+00
    -7.2657747800971813e-03 -1.9923655834918263e-03
    -1.7616570382380517e-01 1.3569528772246813e+00
    1.5807019298728171e+00 -2.2798575676310640e-01 0. 0. 0. 0. 0. 0.</data></distortion_coefficients>
<avg_reprojection_error>3.1617998651904928e+00</avg_reprojection_error>
</opencv_storage>
