<?xml version="1.0"?>
<opencv_storage>
<calibration_time>"Wed Sep 13 09:52:49 2017"</calibration_time>
<image_width>2592</image_width>
<image_height>2048</image_height>
<aspectRatio>1.</aspectRatio>
<flags>16391</flags>
<camera_matrix type_id="opencv-matrix">
  <rows>3</rows>
  <cols>3</cols>
  <dt>d</dt>
  <data>
    1.7629627516096195e+03 0. 1296. 0. 1.7629627516096195e+03 1024. 0.
    0. 1.</data></camera_matrix>
<distortion_coefficients type_id="opencv-matrix">
  <rows>1</rows>
  <cols>14</cols>
  <dt>d</dt>
  <data>
    1.7277448472472781e-01 2.4650568675827089e-01 2.9284519877082298e-03
    -1.9937052342001364e-04 -9.7095634884090276e-01
    3.7949656948056409e-01 2.8658062822666369e-01
    -1.1617721026037122e+00 0. 0. 0. 0. 0. 0.</data></distortion_coefficients>
<avg_reprojection_error>7.1725371335797361e-01</avg_reprojection_error>
</opencv_storage>
