<?xml version="1.0"?>
<opencv_storage>
<calibration_time>"Fri May 12 14:52:31 2017"</calibration_time>
<image_width>1900</image_width>
<image_height>1900</image_height>
<aspectRatio>1.</aspectRatio>
<flags>16391</flags>
<camera_matrix type_id="opencv-matrix">
  <rows>3</rows>
  <cols>3</cols>
  <dt>d</dt>
  <data>
    1.5347986981699194e+03 0. 950. 0. 1.5347986981699194e+03 950. 0. 0.
    1.</data></camera_matrix>
<distortion_coefficients type_id="opencv-matrix">
  <rows>1</rows>
  <cols>14</cols>
  <dt>d</dt>
  <data>
    1.5822469042345714e+01 -1.5375196331153397e+01
    1.0298836187452262e-03 -1.8256064326469059e-02
    6.7560165071783853e+00 1.5863482551258485e+01
    -1.5705569970396686e+01 7.2011989894275557e+00 0. 0. 0. 0. 0. 0.</data></distortion_coefficients>
<avg_reprojection_error>4.1300634095918509e-01</avg_reprojection_error>
</opencv_storage>
