<?xml version="1.0"?>
<opencv_storage>
<calibration_time>"Wed Feb 15 14:10:17 2017"</calibration_time>
<image_width>1920</image_width>
<image_height>1080</image_height>
<aspectRatio>1.</aspectRatio>
<flags>311303</flags>
<camera_matrix type_id="opencv-matrix">
  <rows>3</rows>
  <cols>3</cols>
  <dt>d</dt>
  <data>
    1.2303434262468777e+03 0. 960. 0. 1.2303434262468777e+03 540. 0. 0.
    1.</data></camera_matrix>
<distortion_coefficients type_id="opencv-matrix">
  <rows>1</rows>
  <cols>14</cols>
  <dt>d</dt>
  <data>
    3.0414961147184602e-02 2.3711402025104703e-01
    -1.3292023691788194e-02 1.0043121710548971e-03
    3.0002847887709744e-01 5.5933327521977194e-03 2.4030163965639512e-01
    3.2385865971779387e-01 1.1150779968977154e-04
    -3.7345700538090770e-03 1.8234232668424940e-02
    -7.4347575619537355e-03 6.0668358846130921e-02
    7.7620251525483963e-02</data></distortion_coefficients>
<avg_reprojection_error>3.0497646322785160e-01</avg_reprojection_error>
</opencv_storage>
