<?xml version="1.0"?>
<opencv_storage>
<calibration_time>"Wed Feb 15 14:28:00 2017"</calibration_time>
<image_width>1920</image_width>
<image_height>1080</image_height>
<aspectRatio>1.</aspectRatio>
<flags>311303</flags>
<camera_matrix type_id="opencv-matrix">
  <rows>3</rows>
  <cols>3</cols>
  <dt>d</dt>
  <data>
    9.5925169373814492e+02 0. 960. 0. 9.5925169373814492e+02 540. 0. 0.
    1.</data></camera_matrix>
<distortion_coefficients type_id="opencv-matrix">
  <rows>1</rows>
  <cols>14</cols>
  <dt>d</dt>
  <data>
    1.1439879837256934e-02 2.6299196459345126e-03
    -1.3831969456879662e-02 -4.1043444245092934e-03
    -4.0921760326282936e-03 -6.2450633433267840e-03
    7.5484101446526616e-03 -4.8292805998837876e-03
    2.9163681799389534e-03 2.5032156995431175e-03 1.3214992754785587e-02
    1.8167280347936821e-03 -3.2788404301493507e-01
    1.5520336817077077e-01</data></distortion_coefficients>
<avg_reprojection_error>3.2788021559757941e-01</avg_reprojection_error>
</opencv_storage>
