<?xml version="1.0"?>
<opencv_storage>
<calibration_time>"Thu Feb 16 16:28:17 2017"</calibration_time>
<image_width>1920</image_width>
<image_height>1080</image_height>
<flags>16389</flags>
<camera_matrix type_id="opencv-matrix">
  <rows>3</rows>
  <cols>3</cols>
  <dt>d</dt>
  <data>
    1.2318026487114769e+03 0. 960. 0. 1.2272131769408538e+03 540. 0. 0.
    1.</data></camera_matrix>
<distortion_coefficients type_id="opencv-matrix">
  <rows>1</rows>
  <cols>14</cols>
  <dt>d</dt>
  <data>
    -9.2846726642299993e-01 4.2913734998651576e-01
    1.9471722315170172e-03 -1.3412741788984700e-03
    8.4978590417604583e+00 -8.9787976590727780e-01
    2.8961021723201547e-01 8.7888206921282102e+00 0. 0. 0. 0. 0. 0.</data></distortion_coefficients>
<avg_reprojection_error>2.8189299366937720e-01</avg_reprojection_error>
</opencv_storage>
