<?xml version="1.0"?>
<opencv_storage>
<calibration_time>"Thu Feb  9 12:19:06 2017"</calibration_time>
<image_width>1920</image_width>
<image_height>1080</image_height>
<flags>0</flags>
<camera_matrix type_id="opencv-matrix">
  <rows>3</rows>
  <cols>3</cols>
  <dt>d</dt>
  <data>
    1.5302016732019781e+03 0. 960. 0.
    1.5279227365504946e+03 590. 0. 0. 1.</data></camera_matrix>
<distortion_coefficients type_id="opencv-matrix">
  <rows>1</rows>
  <cols>5</cols>
  <dt>d</dt>
  <data>
    8.9742724441511518e-02 1.3442716108336717e-02 9.2753109706261994e-03
    -8.6628852410001924e-03 -1.0460889669978811e-01</data></distortion_coefficients>
<avg_reprojection_error>2.7361195946448486e-01</avg_reprojection_error>
</opencv_storage>
