<?xml version="1.0"?>
<opencv_storage>
<calibration_time>"Thu Feb 16 12:42:44 2017"</calibration_time>
<image_width>1920</image_width>
<image_height>1080</image_height>
<aspectRatio>1.</aspectRatio>
<flags>311303</flags>
<camera_matrix type_id="opencv-matrix">
  <rows>3</rows>
  <cols>3</cols>
  <dt>d</dt>
  <data>
    1.5508063124661051e+03 0. 960. 0. 1.5508063124661051e+03 540. 0. 0.
    1.</data></camera_matrix>
<distortion_coefficients type_id="opencv-matrix">
  <rows>1</rows>
  <cols>14</cols>
  <dt>d</dt>
  <data>
    -5.2814595956482496e-02 4.5805833556292787e-02
    -1.3049102888567695e-02 8.6657201661574802e-03
    2.5435584183194021e-01 6.8254749514489645e-03
    -5.6817686312277980e-02 4.1474944665008528e-01
    1.0838838687852385e-03 -1.1134802674034636e-02
    1.4884238422597893e-02 -1.7412599283005278e-03
    1.5733223958246129e-02 8.0543930803345459e-02</data></distortion_coefficients>
<avg_reprojection_error>2.3975947787196539e-01</avg_reprojection_error>
</opencv_storage>
