<?xml version="1.0"?>
<opencv_storage>
<calibration_time>"Wed Feb  8 14:20:45 2017"</calibration_time>
<image_width>1280</image_width>
<image_height>720</image_height>
<flags>0</flags>
<camera_matrix type_id="opencv-matrix">
  <rows>3</rows>
  <cols>3</cols>
  <dt>d</dt>
  <data>
    9.6362736708379703e+02 0. 640 0.
    9.6302073278751106e+02 360 0. 0. 1.</data></camera_matrix>
<distortion_coefficients type_id="opencv-matrix">
  <rows>1</rows>
  <cols>5</cols>
  <dt>d</dt>
  <data>
    -2.6236355209274427e-03 1.5190683247477524e-01
    -5.2166279573818411e-03 -2.1614350679837638e-03
    -2.9831161427867398e-01</data></distortion_coefficients>
<avg_reprojection_error>2.1208803687615363e-01</avg_reprojection_error>
</opencv_storage>
