<?xml version="1.0"?>
<opencv_storage>
<calibration_time>"Fri Nov 25 17:02:35 2016"</calibration_time>
<nr_of_frames>50</nr_of_frames>
<image_width>1920</image_width>
<image_height>1080</image_height>
<board_width>9</board_width>
<board_height>6</board_height>
<square_size>25.</square_size>
<fix_aspect_ratio>1.</fix_aspect_ratio>
<!-- flags: +fix_aspectRatio +fix_principal_point +zero_tangent_dist +fix_k4 +fix_k5 -->
<flags>6158</flags>
<fisheye_model>0</fisheye_model>
<camera_matrix type_id="opencv-matrix">
  <rows>3</rows>
  <cols>3</cols>
  <dt>d</dt>
  <data>
    1.3993808956101802e+03 0. 960. 0. 1.3993808956101802e+03 540. 0. 0.
    1.</data></camera_matrix>
<distortion_coefficients type_id="opencv-matrix">
  <rows>5</rows>
  <cols>1</cols>
  <dt>d</dt>
  <data>
    -2.9565022696690604e-02 8.3594392585790114e-02 0. 0.
    -1.7555061557576249e-01</data></distortion_coefficients>
<avg_reprojection_error>7.7538437260253368e-01</avg_reprojection_error>
<per_view_reprojection_errors type_id="opencv-matrix">
  <rows>50</rows>
  <cols>1</cols>
  <dt>f</dt>
  <data>
    7.64121056e-01 7.16046989e-01 7.59452522e-01 4.75406200e-01
    5.05517483e-01 5.63041747e-01 5.91445863e-01 6.49345458e-01
    7.34913528e-01 9.10709262e-01 9.67666805e-01 6.33886337e-01
    6.98137999e-01 9.07683909e-01 7.53149927e-01 5.63043118e-01
    6.05584204e-01 4.39840913e-01 6.34866416e-01 8.43910873e-01
    6.22776508e-01 1.13736069e+00 7.33371258e-01 9.42873359e-01
    4.28460866e-01 6.62239015e-01 1.14349794e+00 3.62107158e-01
    4.94130254e-01 5.50395846e-01 5.34255147e-01 5.65197766e-01
    5.41116714e-01 4.05788660e-01 1.14408076e+00 6.12317502e-01
    1.56060648e+00 7.50716567e-01 6.23642921e-01 7.96736717e-01
    1.29397428e+00 3.56843501e-01 1.29863322e+00 5.13485372e-01
    6.07672155e-01 6.27452850e-01 8.59080374e-01 8.73754680e-01
    8.28655422e-01 1.02510762e+00</data></per_view_reprojection_errors>
<!-- a set of 6-tuples (rotation vector + translation vector) for each view -->
<extrinsic_parameters type_id="opencv-matrix">
  <rows>50</rows>
  <cols>6</cols>
  <dt>d</dt>
  <data>
    2.2511384898115061e-01 -4.0550192872216208e-02
    3.0544574172491457e+00 -4.3581549746233712e+01
    3.5974648625887000e+00 4.6505455762594602e+02 2.1814015727797212e-01
    -7.2484674508273950e-02 3.0709553240866336e+00
    -3.6896694604461572e+01 1.1567182555965296e+01
    4.6425025409710975e+02 -1.0092836309616672e-01
    -1.8050482987038419e-03 2.9106992168153565e+00
    3.3372638137361420e+01 -1.0146058409301887e+01
    4.8361506737537047e+02 -4.1349123052185958e-02
    -2.5086517653506262e-02 2.9376336729967751e+00
    3.0552677041113075e+01 -1.0576302764153073e+01
    4.8073380329349766e+02 1.9611799585792629e-02
    -9.3010386796851072e-02 2.9438934579092071e+00
    1.8390184844284519e+01 2.5991175699368472e+00 4.6865566765741090e+02
    7.2912311577212258e-02 -1.4732007287631521e-01
    2.9239090097602110e+00 3.8590319587653510e+00 1.3712127520679513e+01
    4.5804289846334348e+02 8.3179688242640923e-02
    -1.4933987655244535e-01 2.9080793186523697e+00
    -4.0538805269510148e+00 2.1216854377418805e+01
    4.5662205500934289e+02 1.1325993571791521e-01
    -1.9803174719300595e-01 2.8850272662763379e+00
    -1.3791603400761112e+01 2.8096777785824052e+01
    4.4426515311696613e+02 -3.3399536201331481e-01
    1.5602742121916896e-01 -2.8431253132675520e+00
    -1.9138579629578803e+01 1.2115580240699721e+02
    4.3438892822125302e+02 2.7216596481711564e-01 1.9833887382499074e-01
    -3.0590537184174180e+00 2.3040144841071907e+01
    1.1914799906349323e+02 5.2713383214162457e+02
    -1.1349128510254141e+00 1.3550716413284020e-01
    2.8925201472770521e+00 -6.4401560246821120e+01
    1.0600283229231106e+02 5.7774852119935474e+02
    -6.6345807394389678e-01 4.2254885709841505e-01
    2.8804855378985117e+00 -3.6912358244454602e+01
    7.5072282321650206e+01 5.4322281762783291e+02
    -1.6967634017502217e-01 6.2390390468940038e-01
    3.0282714352463236e+00 9.2597085962312828e+00 1.0833066340107844e+02
    5.0581394340806065e+02 -1.1561326019592068e-01
    9.3182439071171386e-01 2.9678029062274018e+00 2.3819840039823479e+01
    1.2229480229160110e+02 5.0726823507888423e+02
    -1.7543682061447410e-01 -3.9710716243181343e-01
    3.0635593083658428e+00 6.5992913062549654e+00 5.8799646077173620e+01
    5.0415980505280953e+02 -1.6306726682537864e-01
    -2.8257126157062673e-01 3.0783002155911969e+00
    1.1508106403400539e+01 2.9263411540307668e+01 5.2980727754294662e+02
    -1.5731538670273076e-01 -4.0351248994586963e-01
    3.0615479584557832e+00 1.8551962406839628e+01 3.8579086208998024e+00
    5.3870670897503442e+02 -1.7360840563710520e-01
    -3.3262284876983761e-01 3.0334348858476101e+00
    1.3932029714873950e+01 -1.4570890920948198e+01
    5.4647661320095551e+02 -3.8929000541414677e-01
    -2.8347167390715877e-01 2.9779348063101208e+00
    -5.2833981840002879e+00 -3.7399854259104708e+00
    5.5888973248538696e+02 -5.8292694148741175e-01
    -3.4425439417023540e-01 2.9164069380843647e+00
    -2.8044882242933319e+01 1.0660933798225260e+01
    5.6178375105339262e+02 -3.7095661222591042e-01
    -1.7795505440183573e-01 2.9112294994260637e+00
    -1.1398779119323454e+02 1.8722606516448316e+01
    5.5071439536440619e+02 -3.5386498315677578e-01
    -2.0496024737196586e-01 3.0152909412465774e+00
    -6.5161201544086236e+00 9.8145025781022639e+00
    5.5627713728580022e+02 4.0603993568670799e-01 2.5844041622201341e-01
    -3.0798608094992956e+00 1.2345759644531653e+02
    1.0533326370486554e+01 5.5333980103196245e+02 5.6865382111065760e-02
    -3.0550888863798514e-01 3.1010861234644773e+00
    1.4059115989228283e+02 -3.9601296511849839e+01
    5.0518058788056169e+02 -1.7254039265572577e-02
    -2.5240517933545303e-01 3.1120354079810904e+00
    1.8423619844069307e+02 -4.9961300219577595e+01
    4.9767051960712172e+02 1.0103121067169248e-01 2.3100845949715268e-01
    -3.1243234921805616e+00 2.4461503061788872e+02
    -4.0812992660604053e+01 5.0116121458063066e+02
    -7.1596556037073072e-02 -1.7238517231792400e-01
    3.1311929002865981e+00 8.2750581596092047e+01 9.2170777808456975e+01
    4.9467710291966762e+02 -1.4005737450829639e-01
    1.5278883223422064e-02 3.0690009131932054e+00 5.4688178732246712e+01
    1.3029747904673442e+02 5.2929736277159134e+02
    -1.7584105085328050e-01 -4.1781545034835013e-02
    3.0907576064567150e+00 5.4378443805990614e+01 1.3954185181772738e+02
    5.2135885720084104e+02 -1.9867893003281206e-01
    1.1602758880544498e-02 3.0987342216978329e+00 1.2063587701592768e+02
    1.2710543340692799e+02 5.1946980575140310e+02
    -2.3163642144167473e-01 5.1521125212804934e-02
    3.0753165350261007e+00 1.2892598869294380e+02 9.6788330994390620e+01
    5.2882386606044156e+02 -1.9331174016126690e-01
    4.2386340642561846e-02 3.0418161525625824e+00 3.3885834153614219e+01
    8.8321421558468245e+01 5.2672333885226863e+02
    -1.7150200405830196e-01 3.4815350299734517e-02
    3.0464497057578011e+00 1.1623790383151134e+01 9.2382973918542660e+01
    5.2080628194631061e+02 -1.3455728529034566e-01
    2.8779646808454028e-02 3.0664728492165936e+00
    -3.1287632310571741e+01 8.4742085770426911e+01
    5.2438794593801344e+02 -1.9098386598254663e-01
    -4.6621642087146999e-03 3.0973621747002351e+00
    2.5627887038296887e+01 8.0308529789178550e+01 5.2348591736866717e+02
    3.0794387296585735e-01 -1.7501142012220586e-02
    -3.0621714809005804e+00 1.3338038658271384e+02
    7.8583073809087225e+01 5.2497282339637843e+02
    -1.6383015943749055e-01 9.9820527728626610e-02
    3.0790380267445312e+00 1.4186459599204275e+01 6.9533281778688760e+01
    5.2203928053891718e+02 -1.6870777302525547e-01
    7.6623215560988792e-02 3.0300568798823146e+00
    -4.9385190140225710e+01 7.5031338127680328e+01
    5.2003763167920488e+02 -1.2570890530827200e-01
    1.9860238189842172e-02 3.0019693226816218e+00
    -8.8194317671541654e+01 7.5856175247260012e+01
