<?xml version="1.0"?>
<opencv_storage>
<calibration_time>"Fri Nov 25 16:57:06 2016"</calibration_time>
<nr_of_frames>50</nr_of_frames>
<image_width>1280</image_width>
<image_height>720</image_height>
<board_width>9</board_width>
<board_height>6</board_height>
<square_size>25.</square_size>
<fix_aspect_ratio>1.</fix_aspect_ratio>
<!-- flags: +fix_aspectRatio +fix_principal_point +zero_tangent_dist +fix_k4 +fix_k5 -->
<flags>6158</flags>
<fisheye_model>0</fisheye_model>
<camera_matrix type_id="opencv-matrix">
  <rows>3</rows>
  <cols>3</cols>
  <dt>d</dt>
  <data>
    9.9275941746760066e+02 0. 640. 0. 9.9275941746760066e+02 360. 0. 0.
    1.</data></camera_matrix>
<distortion_coefficients type_id="opencv-matrix">
  <rows>5</rows>
  <cols>1</cols>
  <dt>d</dt>
  <data>
    -5.2056537818906116e-02 2.8318861318592176e-01 0. 0.
    -5.8594025338101485e-01</data></distortion_coefficients>
<avg_reprojection_error>2.9754289651875088e-01</avg_reprojection_error>
<per_view_reprojection_errors type_id="opencv-matrix">
  <rows>50</rows>
  <cols>1</cols>
  <dt>f</dt>
  <data>
    5.02561629e-01 1.23607107e-01 1.18996851e-01 1.23478763e-01
    1.28700495e-01 2.25739792e-01 4.23966646e-01 3.46789390e-01
    3.08435112e-01 1.49579257e-01 1.26382530e-01 1.26182422e-01
    1.23049721e-01 1.37977749e-01 1.50549963e-01 1.84161365e-01
    1.84533790e-01 2.08283097e-01 2.09137887e-01 2.05510855e-01
    1.85449570e-01 1.92879438e-01 1.46780983e-01 1.28854588e-01
    1.21485777e-01 1.15020283e-01 1.46220103e-01 1.72422931e-01
    2.33252808e-01 2.84304887e-01 2.25084737e-01 2.10703880e-01
    2.06637725e-01 2.18969181e-01 4.37817752e-01 2.77638167e-01
    2.50197858e-01 2.42462575e-01 3.19768816e-01 2.67406970e-01
    4.27492410e-01 3.54090273e-01 6.29525721e-01 2.94229627e-01
    3.10905725e-01 4.05124605e-01 4.13508475e-01 3.99894118e-01
    6.92373097e-01 6.49969876e-01</data></per_view_reprojection_errors>
<!-- a set of 6-tuples (rotation vector + translation vector) for each view -->
<extrinsic_parameters type_id="opencv-matrix">
  <rows>50</rows>
  <cols>6</cols>
  <dt>d</dt>
  <data>
    -2.4733067699696229e-01 -1.2871492778041504e+00
    -2.6911459339861437e+00 7.5363971939072584e+01
    1.9832245862295593e+02 6.4526169909110149e+02 3.2794924291326501e-02
    -2.8937935555805117e-01 2.4971317163426652e+00
    3.3395771158933940e+01 -1.0338222928109583e+02
    8.4321519257578370e+02 1.3355400605345921e-02
    -2.9445135982478920e-01 2.4849098132471088e+00
    3.1492675111815462e+01 -1.0665901406535130e+02
    8.4796399841036839e+02 2.9391796899614392e-03
    -3.0228515568483422e-01 2.4761025794066849e+00
    3.1095942712897880e+01 -1.0855783401474434e+02
    8.5047799396092307e+02 1.0139496758350460e-02
    -3.4608786207484427e-01 2.4554175071491149e+00
    2.7134980809252717e+01 -1.1030907914121205e+02
    8.4480446259604196e+02 1.6674178028337927e-01
    -3.2898051994792349e-01 2.5544036013777669e+00
    1.6587514506512282e+01 -9.1054918991084236e+01
    8.1506573461791663e+02 7.1624858145672343e-01
    -3.8886928044858882e-01 2.6331545299995014e+00
    -3.1634978183361248e+01 -4.1236764865247892e+01
    7.3083014189618871e+02 6.3560940514492592e-01
    -2.4652899602978720e-01 2.7309757841553708e+00
    -1.7978327881659406e+00 -3.5478949205669743e+01
    7.4823583365062086e+02 5.4551788289161729e-01
    -2.8649079233011659e-01 2.7847832777313291e+00
    2.2171038222608875e+01 -2.7736199519713274e+01
    7.6479463864656839e+02 1.5112763794828180e-01
    -2.9773118931505699e-01 2.8066933067765132e+00
    4.6856343618888914e+01 -3.8858721805014376e+01
    8.2678054610462107e+02 7.1220487733677035e-02
    -2.8163325239918052e-01 2.8159413872735084e+00
    5.1085281787817145e+01 -4.0016767745085893e+01
    8.4357844834496984e+02 4.8904586074919654e-02
    -2.9356912461537354e-01 2.8221980469730510e+00
    5.4822034509051072e+01 -3.8285108830875004e+01
    8.4696646565660978e+02 -1.3623666625562844e-02
    -3.0649242541837507e-01 2.8202425078562476e+00
    5.9222917679948253e+01 -3.8797205799036135e+01
    8.5710926992914858e+02 -1.0381884133796129e-01
    -3.5918350010907907e-01 2.8258614709068883e+00
    6.9622956389833533e+01 -3.5368010666693372e+01
    8.6933811502386220e+02 -1.8635356816678700e-01
    -3.9836817292050386e-01 2.8103394451402899e+00
    7.5301089135090351e+01 -3.6638679207603253e+01
    8.7976593646326876e+02 -2.9941473047663519e-01
    -4.1581317444930305e-01 2.7879731023570167e+00
    7.4780393828174255e+01 -4.1644228476052682e+01
    8.9900417613542083e+02 -3.6399209489847395e-01
    -3.7637624248488022e-01 2.7711974110135622e+00
    7.1468953750965966e+01 -4.6421213369353183e+01
    9.1384962768756702e+02 -4.0759152122910064e-01
    -3.8385141789992427e-01 2.7489293543830842e+00
    6.7223041866108090e+01 -5.1378588770527742e+01
    9.2152361633542137e+02 -4.5004570798807447e-01
    -3.4843245528336636e-01 2.7340808839313748e+00
    6.2700774573599432e+01 -5.4877115211301181e+01
    9.3141722205125802e+02 -4.6063562525572416e-01
    -1.7512502690910267e-01 2.7293154948982314e+00
    5.4603838796402812e+01 -5.7193740419788881e+01
    9.4733818865526689e+02 -4.4438579194274069e-01
    -2.7358014832607039e-02 2.7136577532384867e+00
    4.7666755992865035e+01 -6.0398628272723627e+01
    9.5469769795623483e+02 -2.7829436834013477e-01
    -8.7793428367334801e-03 2.7407492535918867e+00
    4.8962807586377096e+01 -6.5891389271129043e+01
    9.3687233140427486e+02 -1.0030344275186198e-01
    -1.3744696204545661e-02 2.7386276104096030e+00
    4.7178199104045760e+01 -7.2149765243752100e+01
    9.0766182746910397e+02 -7.6022820050171830e-02
    -5.4596980067912471e-02 2.7480146886331873e+00
    4.7764983225745567e+01 -7.0502106717453501e+01
    9.0058801956593425e+02 -5.5357215628019145e-02
    -1.4577570103340654e-01 2.7480126059224372e+00
    4.7969415810177686e+01 -6.9330404720458517e+01
    8.8833433595773465e+02 -2.7907245545354641e-02
    -3.3636532041478284e-01 2.7236790420516761e+00
    4.7437334112739101e+01 -6.8054038816985198e+01
    8.6705593347648471e+02 5.7067041763947585e-02
    -4.5898731902952816e-01 2.7104730879658225e+00
    4.6898906601560931e+01 -6.2554514094003729e+01
    8.4319026085200790e+02 1.0617805064902992e-01
    -4.4505213272142724e-01 2.7146547870994993e+00
    4.2952126607762303e+01 -6.0387235161263568e+01
    8.3428725569435858e+02 2.6447492437699965e-01
    -4.5589002816771729e-01 2.7935946947592978e+00
    4.3797023502560243e+01 -3.3503884776217632e+01
    8.0702330807635747e+02 3.9255515307104422e-01
    -4.1314382177275288e-01 2.8554823114634207e+00
    2.9847502088228179e+01 -1.4457555246203952e+01
    7.9292853199719264e+02 3.1690965301686813e-01
    -2.9112488871375747e-01 2.9830886212109835e+00
    3.2989128612359686e+01 8.9820268688198990e+00 8.1205242502083570e+02
    -1.2969286208480635e-01 2.9599948305006130e-01
    -2.9903571569473328e+00 5.2861352485666750e+01
    9.3224832791310632e+01 8.3366737368920292e+02 8.6845590945706014e-02
    9.4656895574026623e-02 -2.7890525765059686e+00
    5.3104478869446394e+00 1.4179960649346177e+02 8.9603952375107338e+02
    -3.9760498270513221e-02 1.4824991103413804e-01
    -2.5227908486782655e+00 -2.7347647568359523e+01
    1.4446964525261845e+02 8.4390565706929908e+02
    -1.1819480479481385e-01 1.4124029007097488e-01
    -2.8963005925577123e+00 3.8829436347704231e+01
    3.3256658634999326e+01 6.9622888230462570e+02 2.0831952441845389e-01
    -3.5127020064527559e-01 3.0900304030393304e+00
    7.8783854955541784e+01 -7.0008695276542721e+00
    6.0407466855656617e+02 1.7849703078637710e-01
    -4.2563875261341361e-01 2.9995112304826139e+00
    9.9714398725020942e+01 -1.4366758152543976e+01
    5.6550622449066191e+02 1.9023568709884250e-01
    -4.7487084871182833e-01 2.9533165652043110e+00
    1.0244108744850682e+02 -1.8512675390595074e+01
    5.5053520644817320e+02 1.6505652059642217e-01
    -4.1166420962752481e-01 2.9375003562747937e+00
