<?xml version="1.0"?>
<opencv_storage>
<calibration_time>"Sun Nov 20 15:28:16 2016"</calibration_time>
<nr_of_frames>50</nr_of_frames>
<image_width>640</image_width>
<image_height>480</image_height>
<board_width>9</board_width>
<board_height>6</board_height>
<square_size>25.</square_size>
<fix_aspect_ratio>1.</fix_aspect_ratio>
<!-- flags: +fix_aspectRatio +fix_principal_point +zero_tangent_dist +fix_k4 +fix_k5 -->
<flags>6158</flags>
<fisheye_model>0</fisheye_model>
<camera_matrix type_id="opencv-matrix">
  <rows>3</rows>
  <cols>3</cols>
  <dt>d</dt>
  <data>
    6.4501966978905682e+02 0. 320. 0. 6.4501966978905682e+02 240. 0. 0.
    1.</data></camera_matrix>
<distortion_coefficients type_id="opencv-matrix">
  <rows>5</rows>
  <cols>1</cols>
  <dt>d</dt>
  <data>
    -1.8729194041735252e-02 2.6364473520218767e-01 0. 0.
    -6.2863116825094911e-01</data></distortion_coefficients>
<avg_reprojection_error>3.3064844779101854e-01</avg_reprojection_error>
<per_view_reprojection_errors type_id="opencv-matrix">
  <rows>50</rows>
  <cols>1</cols>
  <dt>f</dt>
  <data>
    2.00667754e-01 2.80216634e-01 3.01731437e-01 3.64268601e-01
    2.48909876e-01 1.99784726e-01 1.89590290e-01 1.97058141e-01
    4.35669005e-01 2.32944414e-01 2.46870503e-01 1.71972424e-01
    4.49485540e-01 1.73005313e-01 3.55484635e-01 3.55471492e-01
    3.63366455e-01 2.57184207e-01 2.73554206e-01 2.55950868e-01
    2.42689803e-01 2.57256150e-01 2.86800832e-01 3.21855396e-01
    3.33765507e-01 3.66606027e-01 3.43313277e-01 4.37731534e-01
    2.23776832e-01 2.21100003e-01 2.78213412e-01 2.77184814e-01
    2.00981542e-01 4.12291944e-01 4.19294626e-01 2.25240454e-01
    6.76217675e-01 5.10689139e-01 2.70914942e-01 6.38158679e-01
    5.87139845e-01 2.43632421e-01 2.71296889e-01 2.47919530e-01
    3.11151654e-01 2.69060642e-01 2.92456836e-01 3.20198298e-01
    2.99787819e-01 2.19360605e-01</data></per_view_reprojection_errors>
<!-- a set of 6-tuples (rotation vector + translation vector) for each view -->
<extrinsic_parameters type_id="opencv-matrix">
  <rows>50</rows>
  <cols>6</cols>
  <dt>d</dt>
  <data>
    4.1690201244737540e-01 -3.7596189316577065e-02
    -1.5904654963294382e+00 -1.6746066966003480e+02
    1.6482507868920484e+02 5.0774197037998977e+02 3.8610996599908676e-01
    -4.9439787288504879e-02 -1.5337982562888397e+00
    -1.8268977141692329e+02 1.5673242477077872e+02
    4.9600692413062831e+02 2.6682940824220480e-01
    -1.1271063786544194e-02 -1.4980742577156800e+00
    -1.9076684978239825e+02 1.7011593702156972e+02
    4.9110315761372027e+02 -5.0303038529060130e-02
    9.5669488072697456e-02 -1.3779622477677202e+00
    -1.2919350529581556e+02 8.0919821777275303e+01
    5.1166351166481979e+02 -5.2329558753612435e-02
    8.7842048393784275e-02 -1.4398451743441911e+00
    -1.2522593615569669e+02 1.3928040906981238e+02
    5.0677450604919846e+02 -3.8600287666050052e-02
    9.7003761123596599e-02 -1.4299408357742491e+00
    -1.2931804936824116e+02 1.3922769837441263e+02
    5.0983618528985340e+02 -7.9612514334915126e-03
    8.6585509112597950e-02 -1.4440389339225774e+00
    -1.2710323430806717e+02 1.4084381447376055e+02
    5.0837813040437487e+02 6.2773790416888214e-02 6.8565881127655770e-02
    -1.4453938793538612e+00 -1.2713689990880043e+02
    1.3687886248146714e+02 5.0512444098448128e+02
    -6.5176713511032958e-03 1.2425000954080753e-01
    -1.4819115280067490e+00 -1.0933987122696402e+02
    1.5127782605370450e+02 5.1599542172044778e+02
    -7.2100231778243727e-03 8.8244187371568472e-02
    -1.5315947491982012e+00 -8.3026644726715929e+01
    1.6309330613148936e+02 5.1072844026045294e+02
    -8.7474573724321658e-02 1.3585538422763555e-01
    -1.6464516556893796e+00 -3.7692476506766184e+01
    1.7802752193394613e+02 5.1303557711971666e+02
    -1.2157183883412796e-01 1.5276256184105075e-01
    -1.6934010802440644e+00 -2.3810437337110262e+01
    1.7536509388087100e+02 5.1386602913961246e+02 2.2142447582409019e-01
    8.5678234668325956e-02 -1.5430084386836953e+00
    -6.8883349257943621e+01 1.2813427070621682e+02
    5.2089829770658298e+02 1.9460231063358679e-01 4.6949492097232273e-02
    -1.4870433773265619e+00 -7.8321356337036036e+01
    1.0594415749937512e+02 5.1720032836286975e+02 3.6992037109199037e-02
    -3.5740082595035860e-02 -1.4107816993886331e+00
    -8.7694964507278300e+01 7.8409772765663078e+01
    5.0153663734825034e+02 4.2451209278558527e-02
    -6.9421102211092517e-02 -1.4059216804452734e+00
    -8.6967617478598626e+01 7.4621138587557397e+01
    4.9803810159944288e+02 -8.6126411776609527e-02
    -1.8447633759422344e-01 -1.4639698993210468e+00
    -6.7811596043598314e+01 9.4885411086898486e+01
    4.7711645006749023e+02 -1.9995537236194982e-01
    -2.2081019226114199e-01 -1.4947322685072983e+00
    -5.9697246633976526e+01 1.1447914066061199e+02
    4.7857367619126626e+02 -2.0131992202736634e-01
    -2.4471052008883432e-01 -1.4984681833454081e+00
    -5.8906967013478450e+01 1.1782154233262062e+02
    4.7662026436614735e+02 -3.0611572030719209e-01
    -3.1283455389558745e-01 -1.5024187655410897e+00
    -5.9038650017200354e+01 1.2815366296595164e+02
    4.6533910573760545e+02 -3.3703543485036103e-01
    -3.2647696358322770e-01 -1.4935456169341854e+00
    -6.2171903954624554e+01 1.2789772926761101e+02
    4.6494636542568480e+02 -3.4892664949591518e-01
    -3.7132205583354005e-01 -1.4747498794627394e+00
    -6.9689471515169160e+01 1.2067915178876655e+02
    4.5086514156819811e+02 -4.2259951926268952e-01
    -4.3563823912527794e-01 -1.4285635297048933e+00
    -7.5109053843236495e+01 1.0702642583820790e+02
    4.3718301173392956e+02 -3.5683344348848628e-01
    -4.4995825032278486e-01 -1.4244386938432791e+00
    -7.6095201642307529e+01 1.0141980701266479e+02
    4.3157493565467007e+02 9.9172077440908099e-02
    -2.3758930628626479e-01 -1.6907743970690947e+00
    -3.0063029588710386e+01 1.5413280844377113e+02
    4.8703019475167815e+02 6.3910549049277210e-01
    -2.8466482441071056e-01 -1.5715092365883319e+00
    -4.6843563392168754e+01 1.3574529782135107e+02
    5.0191658860004225e+02 6.6905651328390070e-01
    -2.6720699794215919e-01 -1.5378618514870759e+00
    -5.5010224585760014e+01 1.2919247921089001e+02
    5.0482390846429331e+02 5.9609717908978077e-01
    -1.8945009733151472e-01 -1.5188491056260904e+00
    -7.1693256781369286e+01 1.2215571945417128e+02
    5.1261484213541178e+02 1.6547232956252347e-01
    -9.8882944431754230e-02 -1.5096266823528126e+00
    -9.3597642489464533e+01 1.1328675019367637e+02
    5.0867819795735278e+02 3.4485962891258444e-02
    -9.4157980819980815e-03 -1.5089078594806811e+00
    -9.9217014267260708e+01 1.1219103674418575e+02
    5.2291619563209269e+02 -3.0111872647360111e-01
    1.0870353975002138e-01 -1.4730650597417680e+00
    -1.0596857475894915e+02 1.1114756073201127e+02
    5.3315079608563053e+02 -3.0438966771067605e-01
    -3.0698805661904669e-02 -1.4115063781590571e+00
    -1.1815148345867766e+02 8.6598413771308159e+01
    5.0153394332287945e+02 -1.4108332548946503e-01
    -1.1091936600531146e-01 -1.3630251675156988e+00
    -1.2652746428797245e+02 6.7288010164644717e+01
    4.8364367005769321e+02 -1.0089480493424120e-01
    -6.0721625755309240e-02 -1.3702726005590407e+00
    -1.2931191150876290e+02 7.1506148640468751e+01
    4.8668536180018310e+02 -1.9270247266500385e-02
    -3.4776876564618420e-02 -1.4010759553928747e+00
    -1.3094559391757619e+02 9.0716441066355600e+01
    4.9076597760637401e+02 6.1455085297718405e-02
    -4.4954431418531796e-02 -1.3743239948872983e+00
    -1.3229032430798546e+02 7.0459151125868857e+01
    4.9665947975992424e+02 1.2685751579122267e-01
    -4.2698558786506812e-03 -1.4586884192556395e+00
    -1.1753771941125621e+02 9.8366758508665370e+01
    5.0505902506921956e+02 2.0564653835458202e-01
    -5.6924184341483483e-02 -1.5097779941699967e+00
    -1.0723730025826002e+02 1.1814913325604977e+02
    5.0090221643517697e+02 1.9102459859617943e-01
    -2.5414261372221809e-02 -1.5655578603560307e+00
