<?xml version="1.0"?>
<opencv_storage>
<calibration_time>"Tue Nov 29 13:49:21 2016"</calibration_time>
<nr_of_frames>50</nr_of_frames>
<image_width>320</image_width>
<image_height>240</image_height>
<board_width>9</board_width>
<board_height>6</board_height>
<square_size>25.</square_size>
<fix_aspect_ratio>1.</fix_aspect_ratio>
<!-- flags: +fix_aspectRatio +fix_principal_point +zero_tangent_dist +fix_k4 +fix_k5 -->
<flags>6158</flags>
<fisheye_model>0</fisheye_model>
<camera_matrix type_id="opencv-matrix">
  <rows>3</rows>
  <cols>3</cols>
  <dt>d</dt>
  <data>
    2.7569886889255639e+02 0. 160. 0. 2.7569886889255639e+02 120. 0. 0.
    1.</data></camera_matrix>
<distortion_coefficients type_id="opencv-matrix">
  <rows>5</rows>
  <cols>1</cols>
  <dt>d</dt>
  <data>
    -1.5464605366835676e-01 5.1737854993678678e-01 0. 0.
    -8.6859828385643612e-01</data></distortion_coefficients>
<avg_reprojection_error>1.2912965316012723e+00</avg_reprojection_error>
<per_view_reprojection_errors type_id="opencv-matrix">
  <rows>50</rows>
  <cols>1</cols>
  <dt>f</dt>
  <data>
    2.65238494e-01 2.07050368e-01 1.80831581e-01 1.82817161e-01
    3.47074360e-01 2.82580042e+00 2.67710781e+00 1.67790994e-01
    2.07604498e-01 4.57171768e-01 4.43303919e+00 3.79638004e+00
    2.09059668e+00 4.14542973e-01 2.62989491e-01 1.84544265e-01
    1.48816556e-01 1.34484515e-01 1.76922321e-01 2.81454414e-01
    2.76918203e-01 2.55767405e-01 3.14071536e-01 5.61913490e-01
    3.89294028e-01 4.44969028e-01 3.91871125e-01 3.71413022e-01
    2.53282547e-01 1.79180324e-01 2.27249682e-01 2.62634516e-01
    3.26122105e-01 1.93730906e-01 1.90437376e-01 2.44265944e-01
    2.83589214e-01 3.02357554e-01 2.81157732e-01 2.82141536e-01
    2.22275257e-01 2.61976749e-01 2.65272707e-01 3.49503160e-01
    1.84172177e+00 3.83239031e+00 2.81032348e+00 4.41856384e-01
    3.38962197e-01 4.43808258e-01</data></per_view_reprojection_errors>
<!-- a set of 6-tuples (rotation vector + translation vector) for each view -->
<extrinsic_parameters type_id="opencv-matrix">
  <rows>50</rows>
  <cols>6</cols>
  <dt>d</dt>
  <data>
    1.2296582001124941e-02 -2.2187385869528023e-01
    -1.5831640796153232e+00 -1.9371803063823049e+02
    1.3353690872608973e+02 4.1263007664065424e+02
    -1.0700943058485011e-02 -2.6466260153574989e-01
    -1.5689813993384203e+00 -1.8624611787136962e+02
    1.3618382827275462e+02 4.3323586870211142e+02
    -5.9499008290014886e-02 -2.8750985944479612e-01
    -1.5664504751400756e+00 -1.8205194504468523e+02
    1.4304592494129295e+02 4.5821323414755818e+02
    -5.8178617126517930e-02 -2.9587072251525959e-01
    -1.5871371994274821e+00 -1.8141587015637316e+02
    1.5283102852642412e+02 4.7049487626164444e+02
    -7.7870733016002225e-02 -2.4711955031858415e-01
    -1.5767721236835390e+00 -1.7737637808893641e+02
    1.6193933849070581e+02 4.7927541694472575e+02
    -1.4006265024159631e-01 -3.3910636746841583e-01
    -1.5686981099556898e+00 -1.7513819733729235e+02
    1.6156734173312589e+02 4.7435639334479947e+02
    -7.7394956288381750e-02 -3.4256554934816130e-01
    -1.5620245752304160e+00 -1.7315585719268330e+02
    1.6013147418580360e+02 4.7265136827083518e+02
    -6.1596010772160224e-02 -2.9669485669319950e-01
    -1.5561190757742540e+00 -1.7222352835993092e+02
    1.6199538367709334e+02 4.7293181079968042e+02
    -8.5187383060902636e-02 -2.5005732644571876e-01
    -1.5237138786699227e+00 -1.7462240599101426e+02
    1.5965502992793321e+02 4.6543229739448003e+02
    -1.4232741258791520e-01 -2.2223328059835906e-01
    -1.4693262703802785e+00 -1.8608613896239450e+02
    1.4851942441612778e+02 4.6478244018530273e+02
    -3.3935501645247612e-01 -1.6254095275724356e-01
    -1.3834335153572603e+00 -2.0676783608059020e+02
    1.2626260674475149e+02 4.6358950301618728e+02
    -3.4290322063532297e-01 -2.1584728812583862e-01
    -1.3031572571903172e+00 -2.2409341896515110e+02
    1.1096349389035686e+02 4.5256374076409406e+02
    -2.4873721524127174e-01 -1.6353964863462839e-01
    -1.2500056919549150e+00 -2.4109572189814335e+02
    9.9560725547327408e+01 4.4743107028467313e+02 2.5728231939296017e-02
    -6.3842215556565024e-02 -1.0885601552588682e+00
    -2.3151668882393940e+02 7.8353810390145370e+01
    4.1597979043986902e+02 1.1279592277987643e-01
    -1.2358568633384112e-01 -1.3575574009520566e+00
    -1.5743608219559511e+02 1.2404339135914942e+02
    4.1250290776189934e+02 1.3871522609209860e-01
    -1.5959643205446586e-01 -1.4403084956532359e+00
    -1.4270078776866774e+02 1.3180675451317148e+02
    4.1167922381222957e+02 1.4972800680429663e-01
    -1.5301667521269829e-01 -1.4914765906123537e+00
    -1.3724490342372391e+02 1.3566625730125332e+02
    4.0892125120787193e+02 1.6022402440003192e-01
    -1.3889458440359770e-01 -1.5301855207038546e+00
    -1.3426795714994572e+02 1.3948255623013782e+02
    4.0674501583717495e+02 1.5911338271442182e-01
    -1.0168508735393028e-01 -1.5651652087240915e+00
    -1.2637727873806020e+02 1.4251134356854570e+02
    4.0747622169811700e+02 1.6049306335485272e-01
    -1.0799342709251666e-01 -1.5932914953763517e+00
    -1.0489684724075444e+02 1.4518062725409806e+02
    4.0623790878987700e+02 1.8781381402877384e-01
    -1.4298978873098955e-01 -1.5895527572289105e+00
    -8.5579398841606931e+01 1.4774709624260666e+02
    4.0478218885846525e+02 2.1225509862541661e-01
    -1.6370223217659560e-01 -1.6147026423945532e+00
    -6.5925920165788455e+01 1.5094298207646773e+02
    4.0260253678360385e+02 2.0982670861447994e-01
    -1.6951156239960133e-01 -1.7031056849762789e+00
    -3.5133255693312606e+01 1.5861967942978831e+02
    3.9474851212903633e+02 2.4702406784857844e-01
    -1.3067160292593522e-02 -1.5848567816537427e+00
    5.7017020061012573e+01 1.6143550313411737e+02 4.0365278883694577e+02
    1.5405677534288897e-01 -8.2158552338319105e-02
    -1.5552804890907816e+00 -2.7932853014149913e+01
    1.1184086685800222e+02 4.2060325861469676e+02 1.2666076435484017e-01
    -6.1506780490963892e-02 -1.5608431265692813e+00
    -6.2662726134417717e+01 9.6075520212529469e+01
    4.2287751983689054e+02 8.0622587880649577e-02
    -8.0479741274466443e-02 -1.5806421433086475e+00
    -9.0532971907594231e+01 9.5569722132893361e+01
    4.1716974683914026e+02 6.2952367542228688e-02
    -7.3109815397077033e-02 -1.5861726573269832e+00
    -1.0823066510409812e+02 9.8378819795492902e+01
    4.1275533801385291e+02 4.3250249625506818e-02
    -3.8021853111002583e-02 -1.5929051790901214e+00
    -1.2578518327439571e+02 1.0233391187732114e+02
    4.0974342843009038e+02 5.2405929125592374e-02
    -2.3496612910777002e-02 -1.6033988074201877e+00
    -1.3099224517049618e+02 1.0210913646147277e+02
    4.0968183562549200e+02 4.6949374124430357e-02
    -2.2022236507714749e-02 -1.5948605295070351e+00
    -1.3047239742500912e+02 1.0368046262449236e+02
    4.1092070350094173e+02 2.8647005075094236e-02
    -4.7310092995920060e-02 -1.5479617517127131e+00
    -1.3775470002767292e+02 1.0359985528390079e+02
    4.1159994375948565e+02 1.1358174710850044e-02
    -4.2853172274772026e-02 -1.5095471167020009e+00
    -1.5258056876795854e+02 1.0102552168555167e+02
    4.1250168904589299e+02 2.4331743688872389e-02
    -7.6069727259884491e-03 -1.4766205483004642e+00
    -1.6672782502693053e+02 9.9350365749095488e+01
    4.1666629433019665e+02 1.6963724410664097e-01
    -8.6386041261069565e-02 -1.4946233973245440e+00
    -1.6711509659428231e+02 1.0352531011028582e+02
    4.1884586241638658e+02 3.4271619892337751e-01
    -2.4747693399553300e-01 -1.5362319050946693e+00
    -1.6514859003385058e+02 1.1235866018899199e+02
    4.1469203735603719e+02 4.2298126333013270e-01
    -3.1182244119255986e-01 -1.5825005439836670e+00
    -1.6447807679515776e+02 1.2317891642191232e+02
    4.0966013081203909e+02 3.8073621564533383e-01
    -2.6180706944303245e-01 -1.5939111399702786e+00
    -1.6535716008991267e+02 1.2675301707934284e+02
    4.0649575978842603e+02 2.7368445884612530e-01
    -1.6213139623944919e-01 -1.5784682178853775e+00
